1;4534;12018;1
2;3802;12027;1
3;4428;11503;1
4;4809;142;-1
5;4259;1721;-1
6;4233;7452;-1
7;4236;10528;1
8;3926;3953;-1
9;4294;12428;1
10;3970;13767;1
11;4543;11886;1
12;3941;13333;1
13;4682;1197;-1
14;4319;13980;1
15;4456;1563;-1
16;3617;3892;-1
17;6254;6292;-1
18;7209;12287;1
19;3479;3766;-1
20;3889;10197;1
21;3498;14465;1
22;5275;11994;1
23;4161;1787;-1
24;3937;11975;1
25;4382;11551;1
26;10217;6459;0
27;5204;10598;0
28;4012;180;-1
29;3320;2336;-1
30;5813;1027;-1
31;4937;12010;1
32;4087;11118;1
33;4356;13641;1
34;3847;1228;-1
35;4384;14685;1
36;4047;11497;1
37;3944;11858;1
38;3553;2006;-1
39;4853;11138;1
40;3710;12841;1
41;3065;14423;1
42;3095;3714;-1
43;4336;11000;1
44;7055;13066;0
45;9592;4340;-1
46;4954;10613;1
47;4568;1406;-1
48;3926;2370;-1
49;3801;4099;-1
50;4203;1507;-1
51;3502;2962;-1
52;4140;12197;1
53;4544;10812;1
54;4813;13056;1
55;3385;12609;1
56;3287;3369;-1
57;3816;11942;1
58;3846;12077;1
59;3841;2926;-1
60;3613;3651;-1
61;3543;11547;1
62;3242;4020;-1
63;3035;1581;-1
64;3678;11430;1
65;3211;2463;-1
66;4321;299;-1
67;4631;2459;-1
68;4927;17;-1
69;3990;1504;-1
70;3823;12521;1
71;4304;340;-1
72;4869;13552;1
73;3841;3817;-1
74;3371;12722;1
75;3230;1719;-1
76;3566;13155;1
77;4368;13192;1
78;4972;14269;1
79;4560;281;-1
80;4734;622;-1
81;2994;4190;-1
82;3825;14878;1
83;4123;3532;-1
84;4315;981;-1
85;3605;3433;-1
86;11839;8578;0
87;4349;62;-1
88;4809;11645;1
89;4333;13670;1
90;6490;11666;1
91;4744;683;-1
92;5302;11208;1
93;7473;12070;0
94;3673;1575;-1
95;4504;12373;1
96;3435;13695;1
97;4190;12673;1
98;4575;9988;1
99;3409;12876;1
100;4300;12316;1
101;4808;1274;-1
102;4595;498;-1
103;3682;3485;-1
104;4069;8879;-1
105;3734;12279;1
106;3248;4797;-1
107;4285;2325;-1
108;5169;494;-1
109;4389;13063;1
110;4608;11993;1
111;3834;1846;-1
112;2996;4330;-1
113;3877;13176;1
114;4587;221;-1
115;4366;1224;-1
116;5369;12833;0
117;7177;4689;-1
118;4861;706;-1
119;4560;245;-1
120;4509;11261;1
121;3957;11347;1
122;3731;12583;1
123;3651;2878;-1
124;9777;11684;0
125;3106;2887;-1
126;2959;3164;-1
127;3711;2579;-1
128;4316;932;-1
129;4721;12437;1
130;4334;10530;1
131;3540;3358;-1
132;3465;14050;1
133;4050;551;-1
134;4297;12768;1
135;3902;2062;-1
136;4032;11720;1
137;5104;949;-1
138;3706;2249;-1
139;4296;12544;1
140;4116;788;-1
141;4719;1567;-1
142;4848;1058;-1
143;4479;1476;-1
144;3694;936;-1
145;3708;349;-1
146;4742;246;-1
147;4385;114;-1
148;4093;641;-1
149;3407;2019;-1
150;3698;3597;-1
151;4390;10144;1
152;3666;2712;-1
153;3774;1989;-1
154;3278;13226;1
155;3515;14603;1
156;4377;624;-1
157;3923;1249;-1
158;3911;2151;-1
159;3355;12652;1
160;4492;6229;-1
161;3013;4003;-1
162;3382;12055;1
163;3884;2844;-1
164;4228;10631;1
165;4555;1268;-1
166;3495;2486;-1
167;2139;921;-1
168;3646;239;-1
169;3528;2471;-1
170;4498;1201;-1
171;5927;11944;1
172;3292;13854;1
173;4281;9642;1
174;4380;6142;-1
175;3102;1549;-1
176;7653;954;-1
177;4322;900;-1
178;5021;1312;-1
179;3693;3049;-1
180;5189;1543;-1
181;4240;13360;1
182;3403;5817;-1
183;4880;12814;1
184;3501;1128;-1
185;3975;1147;-1
186;3611;3281;-1
187;4871;494;-1
188;3699;12628;1
189;3460;2765;-1
190;3184;4370;-1
191;2020;1356;-1
192;4177;1153;-1
193;4273;13275;1
194;3924;13516;1
195;3333;3461;-1
196;5534;963;-1
197;3317;12902;1
198;4071;765;-1
199;4928;1871;-1
200;3321;13976;1
201;3590;781;-1
202;3573;2679;-1
203;3449;2891;-1
204;4433;1710;-1
205;5060;1328;-1
206;3482;3093;-1
207;6828;13104;0
208;3293;3580;-1
209;4206;11745;1
210;6306;1098;-1
211;3684;2835;-1
212;3530;521;-1
213;3384;3556;-1
214;4502;11785;1
215;4558;11753;1
216;3481;2686;-1
217;5216;1118;-1
218;7209;11625;0
219;4390;11523;1
220;3967;6092;-1
221;3589;3022;-1
222;3877;12672;1
223;4106;783;-1
224;5163;1649;-1
225;4579;665;-1
226;3656;12313;1
227;4301;13203;1
228;3705;10811;1
229;4555;1149;-1
230;7726;7796;0
231;72;1110;-1
232;4114;12676;1
233;3208;2108;-1
234;3912;1761;-1
235;3924;2459;-1
236;5328;432;-1
237;4977;11379;1
238;4214;1272;-1
239;3871;14249;1
240;3259;15075;1
241;5248;9379;1
242;3700;2270;-1
243;3923;772;-1
244;3987;13367;1
245;3921;12258;1
246;3149;13825;1
247;3252;14363;1
248;3387;14346;1
249;4445;14116;1
250;4430;11230;1
251;3461;2860;-1
252;3633;13703;1
253;5067;12744;1
254;3882;13416;1
255;4234;13043;1
256;3090;3271;-1
257;4095;1533;-1
258;3397;1538;-1
259;4184;14309;1
260;3396;12773;1
261;5086;7219;1
262;3856;10588;1
263;3529;3393;-1
264;4917;10055;1
265;3410;3531;-1
266;3176;2102;-1
267;3732;10624;1
268;4048;3035;-1
269;3459;11426;1
270;3975;15104;1
271;4714;435;-1
272;4549;2181;-1
273;3928;4762;-1
274;5508;8972;1
275;3290;2799;-1
276;3153;14406;1
277;3317;12539;1
278;3419;3019;-1
279;3359;14621;1
280;3902;14280;1
281;3860;2960;-1
282;6109;5744;-1
283;3432;2358;-1
284;4539;11198;1
285;6372;148;-1
286;8460;6925;-1
287;3860;11873;1
288;3944;10760;1
289;4442;11730;1
290;2733;1445;-1
291;6714;10288;0
292;3544;3154;-1
293;4272;9048;1
294;4329;483;-1
295;6168;7355;-1
296;6050;6690;1
297;6172;7987;1
298;3679;12633;1
299;3278;15283;1
300;3512;11413;1
301;2889;13698;1
302;4420;11309;1
303;3795;14248;1
304;6916;12823;0
305;3298;3035;-1
306;4111;13167;0
307;3688;12485;1
308;4499;7750;0
309;3618;13532;1
310;3992;14427;1
311;2989;13777;1
312;3869;2216;-1
313;3523;12431;1
314;3700;12293;1
315;4074;11988;1
316;4725;10414;1
317;3344;11493;1
318;3845;3805;-1
319;4858;20;-1
320;4654;13509;1
321;3339;4148;-1
322;4671;1869;-1
323;4188;10729;1
324;3615;1838;-1
325;4848;9982;1
326;4245;696;-1
327;3347;3350;-1
328;3622;2138;-1
329;4871;8278;1
330;4293;575;-1
331;3842;10799;1
332;4861;12334;1
333;2916;14828;1
334;3267;13492;1
335;4312;10978;1
336;4504;4972;-1
337;3549;14270;1
338;3761;12290;1
339;3902;2220;-1
340;4125;12860;1
341;3093;11519;1
342;3720;13105;1
343;3873;1374;-1
344;4296;10300;1
345;3055;1894;-1
346;4976;164;-1
347;4310;11408;1
348;3298;2824;-1
349;3644;13477;1
350;5301;13635;0
351;3981;12569;1
352;3853;12510;1
353;4063;14374;1
354;5625;8187;0
355;2208;1387;-1
356;5061;58;-1
357;4131;11811;1
358;4165;2019;-1
359;4664;12772;1
360;4171;1889;-1
361;4322;1003;-1
362;3908;1533;-1
363;4192;13377;1
364;5809;547;-1
365;3815;12073;1
366;5111;319;-1
367;3956;11426;1
368;3567;14641;1
369;3922;3212;-1
370;5891;12060;1
371;4174;11366;1
372;4005;2103;-1
373;5001;6251;-1
374;5002;133;-1
375;4515;9557;1
376;4200;10086;1
377;3767;1427;-1
378;3344;11888;1
379;4089;11357;1
380;3859;8804;1
381;3993;12177;1
382;3735;2804;-1
383;3945;10153;1
384;3766;2012;-1
385;1910;1509;-1
386;5160;10068;0
387;3651;7028;-1
388;4400;10930;1
389;5261;230;-1
390;6425;3717;0
391;4347;1177;-1
392;3535;14221;1
393;3851;12467;1
394;4920;393;-1
395;4919;10486;1
396;3211;3802;-1
397;3655;12585;1
398;6446;2191;-1
399;4189;833;-1
400;3610;4284;-1
401;4237;5331;-1
402;4455;12915;1
403;4994;13698;1
404;4051;10510;1
405;4010;12133;1
406;3746;3287;-1
407;4199;7974;1
408;3508;10962;1
409;3666;3135;-1
410;3993;1744;-1
411;4428;2044;-1
412;3522;3315;-1
413;3652;11859;1
414;3945;10698;1
415;4476;5260;-1
416;4305;1879;-1
417;3123;13407;1
418;3157;13113;1
419;4735;1586;-1
420;3834;1839;-1
421;3653;379;-1
422;4367;1036;-1
423;5070;511;-1
424;5371;4111;-1
425;4090;7535;-1
426;4207;13820;1
427;4299;2116;-1
428;4836;1092;-1
429;3608;2728;-1
430;4315;12875;1
431;5104;10176;1
432;3430;13334;1
433;3869;14051;1
434;3773;13150;1
435;4443;598;-1
436;3827;11942;1
437;4143;13431;1
438;4896;22;-1
439;3544;14466;1
440;4222;11943;1
441;4416;1537;-1
442;3977;12290;1
443;9466;12008;0
444;4621;10603;1
445;3779;12684;1
446;3762;11210;1
447;3277;13461;1
448;4878;74;-1
449;4028;11284;1
450;3747;13220;1
451;4119;9969;1
452;4288;10930;1
453;3733;12119;1
454;3542;14403;1
455;4237;1684;-1
456;3606;14336;1
457;4312;11624;1
458;5325;30;-1
459;3861;2899;-1
460;4109;13082;1
461;3322;2221;-1
462;3631;11695;1
463;4340;12786;1
464;4390;14028;1
465;3649;11962;1
466;3677;12582;1
467;3958;14168;1
468;3574;12870;1
469;3716;12579;1
470;3376;12918;1
471;3689;13052;1
472;4131;12320;1
473;4088;2036;-1
474;3267;3579;-1
475;3188;3415;-1
476;3588;13530;1
477;4563;181;-1
478;3931;14052;1
479;2862;4214;-1
480;4049;10221;1
481;4052;625;-1
482;4455;9156;1
483;4036;11678;1
484;5869;14461;0
485;3452;13038;1
486;4129;11939;1
487;3626;2187;-1
488;4909;6801;-1
489;3623;12095;1
490;4362;986;-1
491;4257;1842;-1
492;3676;10787;1
493;3445;13587;1
494;3255;2731;-1
495;4301;10947;1
496;3829;12982;1
497;2244;1559;-1
498;3931;13958;1
499;4563;1536;-1
500;3991;13690;1
501;4759;11004;1
502;4809;11842;1
503;3815;12296;1
504;4198;10316;1
505;1906;1215;-1
506;5217;11550;1
507;4030;2188;-1
508;3563;13834;1
509;3855;2752;-1
510;3474;13618;1
511;3645;13624;1
512;3609;1473;-1
513;3974;12283;1
514;3475;12536;1
515;5537;9286;1
516;3750;13680;1
517;1761;1344;-1
518;4830;58;-1
519;4375;428;-1
520;5020;12619;1
521;3938;2740;-1
522;4329;13125;1
523;3506;12833;1
524;3385;3380;-1
525;3552;2521;-1
526;3765;11881;1
527;3724;12456;1
528;4034;1523;-1
