1;3877;3003;-1
2;3314;4572;-1
3;3726;12063;1
4;3786;12646;1
5;11004;7581;-1
6;3861;1646;-1
7;3771;3032;-1
8;3857;12002;1
9;3388;12200;1
10;3287;2372;-1
11;3677;12317;1
12;3232;2596;-1
13;4485;13226;1
14;6285;12334;0
15;3296;12680;1
16;4807;12429;1
17;4604;1858;-1
18;3215;3405;-1
19;4851;13621;0
20;4353;4407;-1
21;3297;14472;1
22;7248;6973;0
23;4423;13807;1
24;3280;2614;-1
25;3655;3769;-1
26;5008;473;-1
27;3900;3509;-1
28;5228;11169;0
29;4691;10585;1
30;4024;2112;-1
31;4274;3518;-1
32;3394;13625;1
33;3675;250;-1
34;3848;3341;-1
35;4208;2510;-1
36;4391;1860;-1
37;4273;903;-1
38;3856;2183;-1
39;4726;363;-1
40;5608;11340;0
41;2975;3060;-1
42;3586;13719;1
43;3993;12418;1
44;4549;305;-1
45;3679;1561;-1
46;3381;5023;-1
47;3566;11625;1
48;4163;12917;1
49;4980;50;-1
50;4809;156;-1
51;4019;14596;1
52;4171;12606;1
53;4291;665;-1
54;6529;12038;1
55;3408;12685;1
56;4537;11489;1
57;4604;10178;1
58;2999;12665;1
59;3779;14448;1
60;3197;3518;-1
61;4987;11973;0
62;2385;1679;-1
63;2966;1177;-1
64;3448;12313;1
65;5958;1445;-1
66;10606;9342;0
67;3502;1922;-1
68;4417;1283;-1
69;4499;11469;1
70;4703;13439;1
71;2971;2422;-1
72;4804;14489;1
73;4124;1831;-1
74;4787;326;-1
75;4814;8391;1
76;3501;12313;1
77;4060;10713;1
78;3627;12539;1
79;4060;1469;-1
80;4139;3682;-1
81;3724;2494;-1
82;5224;1114;-1
83;6413;9916;1
84;4294;12330;1
85;4547;1025;-1
86;4183;13650;1
87;4799;13757;1
88;3537;1916;-1
89;3464;3206;-1
90;5477;817;-1
91;4167;785;-1
92;4666;10365;1
93;4452;12784;1
94;3908;13034;1
95;5766;13327;0
96;5216;7753;1
97;3579;2322;-1
98;5371;69;-1
99;3407;4185;-1
100;4868;87;-1
101;3714;6809;-1
102;4993;137;-1
103;4121;13158;1
104;3642;12336;1
105;19;1065;-1
106;4747;10280;1
107;4773;3059;-1
108;4547;10124;1
109;2915;3693;-1
110;4565;11520;1
111;3497;3349;-1
112;4619;9038;1
113;4072;12504;1
114;3413;3300;-1
115;4223;2213;-1
116;3981;2109;-1
117;5563;71;-1
118;3272;2958;-1
119;3515;11951;1
120;3460;351;-1
121;4108;2301;-1
122;5213;87;-1
123;3699;12876;1
124;3850;13793;1
125;3995;1209;-1
126;3952;2193;-1
127;3409;3732;-1
128;4531;90;-1
129;4974;272;-1
130;3727;177;-1
131;5091;11868;0
132;8627;6230;0
133;4586;2090;-1
134;4852;11811;1
135;3733;2561;-1
136;5685;538;-1
137;3364;1881;-1
138;3231;2687;-1
139;5421;1719;-1
140;4161;2351;-1
141;3953;2238;-1
142;3308;13790;1
143;4381;1445;-1
144;3583;13191;1
145;4668;1332;-1
146;3152;2903;-1
147;5560;155;-1
148;2874;14539;1
149;3641;3692;-1
150;4632;1624;-1
151;5668;610;-1
152;6488;6300;-1
153;3837;14173;1
154;3994;12198;1
155;6983;11450;1
156;4024;12659;1
157;3575;3626;-1
158;4179;11071;1
159;6088;9681;0
160;5861;6596;-1
161;3563;3348;-1
162;4289;5489;-1
163;4295;1822;-1
164;3604;1541;-1
165;4234;12282;1
166;4360;453;-1
167;3131;6370;-1
168;4114;394;-1
169;4260;1375;-1
170;4087;2118;-1
171;3514;3579;-1
172;7114;2716;0
173;3547;2199;-1
174;3477;4150;-1
175;4017;12495;1
176;3723;13284;1
177;4310;3402;-1
178;4647;1240;-1
179;5191;1415;-1
180;7152;12594;0
181;3419;12371;1
182;3607;2195;-1
183;3345;2727;-1
184;3758;4122;-1
185;3689;1892;-1
186;3188;13900;1
187;3495;3334;-1
188;4716;307;-1
189;3717;12231;1
190;3634;1059;-1
191;3336;12752;1
192;2698;903;-1
193;3573;6883;-1
194;4425;13934;1
195;3554;2517;-1
196;3973;12969;1
197;6480;1431;-1
198;4541;990;-1
199;7382;8167;0
200;5468;12188;1
201;3822;13550;1
202;5827;4594;-1
203;4399;2392;-1
204;3850;4377;-1
205;3185;14386;1
206;5872;416;-1
207;3728;2146;-1
208;3249;3631;-1
209;4574;763;-1
210;6834;9511;0
211;2888;3097;-1
212;5974;509;-1
213;4920;67;-1
214;4867;12827;1
215;4943;6587;-1
216;5153;4280;-1
217;4009;12521;1
218;3959;15101;1
219;3197;2864;-1
220;3418;3609;-1
221;9483;9036;0
222;4165;13966;1
223;3885;12768;1
224;3664;13194;1
225;9008;11905;0
226;4036;2564;-1
227;3823;11470;1
228;3608;12710;1
229;4367;9679;1
230;5110;8039;-1
231;3721;12038;1
232;4961;10646;1
233;4849;5;-1
234;3373;13038;1
235;4161;13059;1
236;3481;3595;-1
237;2014;1739;-1
238;3637;2331;-1
239;3917;7571;-1
240;3694;3932;-1
241;6106;12791;0
242;3864;14513;1
243;3669;10494;1
244;4367;10934;1
245;3440;1979;-1
246;3195;12799;1
247;4418;11024;1
248;6370;10299;0
249;3670;10991;1
250;4237;9170;1
251;3563;14266;1
252;3452;12054;1
253;4363;1462;-1
254;3917;10491;1
255;3357;13675;1
256;3787;12171;1
257;3933;3376;-1
258;3855;12211;1
259;5334;1661;-1
260;4438;9899;1
261;3262;3804;-1
262;4971;11711;1
263;3569;3041;-1
264;4587;10323;1
265;3990;13058;1
266;4081;13435;1
267;3483;2543;-1
268;4705;923;-1
269;3691;14024;1
270;3454;12606;1
271;4256;14460;1
272;3478;3254;-1
273;4089;12511;1
274;4803;8645;1
275;3700;12913;1
276;4059;2653;-1
277;3378;6698;-1
278;4182;11136;1
279;3516;11767;1
280;3650;1621;-1
281;4764;679;-1
282;4469;12919;1
283;3929;10488;1
284;3599;3122;-1
285;6510;1870;-1
286;3759;9759;1
287;4889;547;-1
288;5140;274;-1
289;3748;11809;1
290;3746;12627;1
291;7319;5313;0
292;4315;1838;-1
293;4874;12670;0
294;3918;10060;1
295;4618;385;-1
296;3731;12014;1
297;4069;13691;1
298;3631;13948;1
299;3555;13033;1
300;3936;2274;-1
301;3760;1871;-1
302;4055;1594;-1
303;3754;13554;1
304;3749;13849;1
305;3556;2755;-1
306;3477;12335;1
307;6635;3898;-1
308;4344;10813;1
309;5472;648;-1
310;7017;11612;0
311;3656;12175;1
312;3916;11087;1
313;5133;48;-1
314;3619;12692;1
315;3988;1806;-1
316;5129;5584;-1
317;3819;13676;1
318;3603;12499;1
319;4756;182;-1
320;3560;11162;1
321;3658;11512;1
322;5928;1185;-1
323;3791;3679;-1
324;4007;13386;1
325;4023;15306;1
326;3728;1470;-1
327;3837;11921;1
328;3583;3825;-1
329;4388;15338;1
330;4817;10293;1
331;3554;3096;-1
332;3992;10810;1
333;4014;11170;1
334;3624;2583;-1
335;4579;1792;-1
336;4292;1944;-1
337;4250;1997;-1
338;6115;181;-1
339;3116;13515;1
340;3616;11270;1
341;6078;8814;0
342;3539;14509;1
343;5001;11593;0
344;4098;2951;-1
345;4737;1123;-1
346;4640;152;-1
347;3245;2966;-1
348;4135;10679;1
349;3718;2243;-1
350;5436;139;-1
351;3464;12719;1
352;4125;14418;1
353;4825;944;-1
354;3565;13278;1
355;3453;9778;1
356;3793;2112;-1
357;3274;13273;1
358;3563;7053;-1
359;6514;3803;-1
360;4271;10596;1
361;3786;11163;1
362;4618;9849;1
363;1828;1314;-1
364;3496;13592;1
365;5353;9496;1
366;4339;1290;-1
367;3266;7769;-1
368;4282;453;-1
369;6247;86;-1
370;3750;11061;1
371;6211;10295;0
372;6787;6744;0
373;3641;11933;1
374;3571;15229;1
375;3904;3297;-1
376;2065;1782;-1
377;4079;449;-1
378;4698;12604;1
379;2931;1454;-1
380;4062;12481;1
381;4879;7331;1
382;7242;9238;0
383;17458;13866;0
384;3653;12967;1
385;4782;5888;-1
386;3289;12390;1
387;4928;9734;1
388;4676;9496;1
389;3814;13090;1
390;4004;9271;1
391;4374;586;-1
392;4332;5515;-1
393;4366;1650;-1
394;4309;9040;1
395;4178;1712;-1
396;3353;12262;1
397;3346;13542;1
398;3539;12872;1
399;3889;2998;-1
400;3449;1656;-1
401;3641;3248;-1
402;4313;10229;1
403;4567;12481;1
404;4739;9026;1
405;3549;13027;1
406;6595;742;-1
407;5923;1809;-1
408;3455;12196;1
409;4323;2029;-1
410;2183;1594;-1
411;3712;13568;1
412;3885;2733;-1
413;3797;12402;1
414;3363;2953;-1
415;3633;13647;1
416;4696;12670;0
417;3681;3031;-1
418;3224;12621;1
419;7555;11129;1
420;7266;10926;0
421;4656;1275;-1
422;3768;13269;1
423;3415;15079;1
424;3284;601;-1
425;4247;686;-1
426;5032;1055;-1
427;3934;13562;1
428;3948;10849;1
429;4143;10464;1
430;3752;13006;1
431;5302;233;-1
432;3873;13693;1
433;4474;953;-1
434;3289;14064;1
435;3622;13050;1
436;3353;14152;1
437;3948;1963;-1
438;3965;2598;-1
439;4172;6331;-1
440;4492;12303;1
441;4590;10968;1
442;4759;11190;1
443;4142;3767;-1
444;3946;2549;-1
445;5257;13847;1
446;4740;13510;0
447;3944;2245;-1
448;4011;1459;-1
449;3537;11624;1
450;4045;12498;1
451;3792;11654;1
452;5275;3289;-1
453;3567;13838;1
454;3995;738;-1
455;3946;2389;-1
456;4028;12374;1
457;3722;11512;1
458;4917;50;-1
459;4751;1053;-1
460;3684;15089;1
461;3910;9787;1
462;3845;9227;1
463;3678;2584;-1
464;4170;12144;1
465;3800;14332;1
466;4573;1363;-1
467;4399;8808;1
468;3584;13534;1
469;3785;6780;-1
470;4947;216;-1
471;3396;14007;1
472;4609;60;-1
473;6277;4148;-1
474;3454;13290;1
475;3805;11358;1
476;3183;3541;-1
477;6704;8850;1
478;3481;911;-1
479;4046;10794;1
480;2809;2085;-1
481;3581;12981;1
482;3070;2956;-1
483;3831;2760;-1
484;3084;12559;1
485;4170;12873;1
486;3367;2441;-1
487;4909;113;-1
488;5023;318;-1
489;7423;8800;0
490;4588;264;-1
491;14763;12887;0
492;5906;8870;1
493;4659;11079;1
494;3092;13208;1
495;3281;11323;1
496;3653;11975;1
497;4811;9195;1
498;3682;14378;1
499;7120;3105;0
500;3622;14922;1
501;3537;11238;1
502;4404;1895;-1
503;3980;13147;1
504;7041;5390;-1
505;4173;434;-1
506;4889;7208;1
507;4287;10378;1
508;3191;3749;-1
509;3768;9951;1
510;3830;11017;1
511;3667;10323;1
512;3534;3342;-1
513;3524;11404;1
514;2992;2243;-1
515;2323;11902;1
516;1979;11620;1
517;1995;11980;1
518;2395;12540;1
519;3171;3121;-1
520;2489;3782;-1
521;2200;11218;1
522;3673;2607;-1
523;2532;12383;1
524;2033;12117;1
525;2936;13085;1
526;3995;1161;-1
527;2382;10624;1
528;1732;10534;1
529;2042;11951;1
530;2362;12368;1
531;3097;5580;-1
532;4178;9568;1
533;1690;9421;1
534;1915;11246;1
535;1897;11254;1
536;2191;11986;1
537;2094;10051;1
538;1844;11719;1
539;2154;12781;1
540;2428;12918;1
541;2481;12668;1
542;2034;1484;-1
543;10107;1415;-1
544;1747;11001;1
545;3335;2943;-1
546;1925;11622;1
547;1636;10696;1
548;1977;10046;1
549;1869;11117;1
550;3704;6431;-1
551;4154;6278;1
552;2172;11453;1
553;3635;2127;-1
554;2212;12116;1
555;2188;10558;1
556;1756;10368;1
557;2705;14196;1
558;2905;11435;1
559;2139;11750;1
560;3390;4473;-1
561;2221;4100;-1
562;2425;13874;1
563;2057;11082;1
564;2107;11541;1
565;2338;11485;1
566;4174;8948;1
567;2059;10176;1
568;2160;11839;1
569;3495;6569;-1
570;2376;11939;1
571;2695;10714;1
572;1723;9795;1
573;3208;6154;-1
574;1986;10270;1
575;2999;11313;1
576;2167;11864;1
577;2054;11422;1
578;3060;4930;-1
579;2100;12013;1
580;3490;5251;-1
581;1938;11243;1
582;1909;9667;1
583;2154;12672;1
584;2587;11782;1
585;1974;11289;1
586;4095;2494;-1
587;2554;12703;1
588;3153;3514;-1
589;3000;9838;1
590;6462;1931;-1
591;3771;2250;-1
592;1651;9198;1
593;2159;12076;1
594;3147;4328;-1
595;3860;7989;1
596;3654;2685;-1
597;3125;12988;1
598;2328;12756;1
599;1908;11042;1
600;2175;11146;1
601;2088;11286;1
602;4343;8159;1
603;3455;3215;-1
604;3737;3881;-1
605;1873;11542;1
606;3914;11180;1
607;2170;11709;1
608;3255;3286;-1
609;4590;2006;-1
610;3257;3297;-1
611;2705;13255;1
612;2437;11467;1
613;3770;3797;-1
614;2501;12887;1
615;1841;10477;1
616;3395;4571;-1
617;4368;2047;-1
618;4669;1313;-1
619;2228;12530;1
620;1588;10165;1
621;2045;12268;1
622;2011;10219;1
623;2457;1076;-1
624;3143;3931;-1
625;2050;10260;1
626;1960;10773;1
627;2096;10861;1
628;3042;13325;1
629;2483;11179;1
630;2154;12095;1
631;3501;8712;1
632;2435;4373;-1
633;2513;2567;-1
634;3490;3033;-1
635;3556;3642;-1
636;1975;11201;1
637;2195;10691;1
638;2033;10809;1
639;4613;1;-1
640;3258;3786;-1
641;3601;3037;-1
642;3371;3536;-1
643;2249;12003;1
644;2675;11140;1
645;2690;12126;1
646;2404;3741;-1
647;2510;11927;1
648;1813;11715;1
649;2349;11535;1
650;2373;12059;1
651;2929;5705;-1
652;3147;12051;1
653;2287;12260;1
654;1955;11356;1
655;3645;8301;-1
656;2161;11913;1
657;4701;4896;-1
658;3293;258;-1
659;3635;2706;-1
660;2425;12706;1
661;2240;11890;1
662;4742;11150;1
663;1730;9968;1
664;1893;10608;1
665;2241;11333;1
666;3296;11702;1
667;1825;10801;1
668;2944;11038;1
669;2479;12315;1
670;1768;10962;1
671;3334;14476;1
672;1740;9965;1
673;2306;11827;1
674;3067;4313;-1
675;2250;11446;1
676;2527;11950;1
677;1436;9565;1
678;2330;12323;1
679;2311;11632;1
680;2388;11956;1
681;3306;2861;-1
682;4320;1770;-1
683;4857;1834;-1
684;3601;1449;-1
685;2534;12947;1
686;3238;3891;-1
687;2093;11217;1
688;4172;1404;-1
689;2501;12636;1
690;2995;5022;-1
691;1880;11490;1
692;2388;10905;1
693;2352;2884;-1
694;2331;12612;1
695;2849;3333;-1
696;3695;2357;-1
697;1990;11542;1
698;2114;12047;1
699;2858;11035;1
700;2233;11436;1
701;1759;10573;1
702;2435;12411;1
703;2253;2478;-1
704;2117;10575;1
705;2365;12154;1
706;2320;11764;1
707;2205;11883;1
708;1980;10549;1
709;3247;3143;-1
710;4121;2527;-1
711;2043;10227;1
712;2434;11835;1
713;1863;10639;1
714;2135;12412;1
715;1883;9984;1
716;2277;11610;1
717;2456;11234;1
718;3245;10393;1
719;2727;11260;1
720;3909;9539;1
721;2418;4308;-1
722;5059;7277;1
723;2604;11774;1
724;2005;11873;1
725;1938;11084;1
726;2327;12129;1
727;2491;13394;1
728;3040;9935;1
729;2170;11928;1
730;3502;3288;-1
731;2068;12277;1
732;3408;2515;-1
733;2170;10222;1
734;1840;11928;1
735;1925;11008;1
736;3191;3114;-1
737;3130;11897;1
738;4286;9969;1
739;2145;11303;1
740;3302;10085;1
741;1865;10731;1
742;2436;10929;1
743;2627;11004;1
744;2380;10102;1
745;2005;12290;1
746;2358;11464;1
747;2260;11021;1
748;2620;12328;1
749;3591;2480;-1
750;3402;9643;1
751;2824;532;-1
752;2431;12056;1
753;2875;3233;-1
754;3491;3209;-1
755;2477;11551;1
756;2365;12627;1
757;1656;8925;1
758;2221;11609;1
759;1968;11280;1
760;2551;12270;1
761;7347;10551;0
762;3644;3176;-1
763;1905;10343;1
764;1854;10499;1
765;2074;10289;1
766;3255;10682;1
767;3297;758;-1
768;2326;1693;-1
769;3838;2668;-1
770;2332;10949;1
771;3653;11182;1
772;3582;16054;1
773;3155;11848;1
774;3837;13366;1
775;3318;8949;1
776;2798;144;-1
777;2093;10953;1
778;2968;4775;-1
779;3539;872;-1
780;2205;12088;1
781;2021;10295;1
782;3496;2786;-1
783;3218;3037;-1
784;2193;11828;1
785;2052;11165;1
786;2856;3492;-1
787;2478;4360;-1
788;2397;11668;1
789;2266;10855;1
790;2148;11234;1
791;2196;12423;1
792;3584;9544;1
793;1918;11911;1
794;3404;2958;-1
795;2193;11654;1
796;3708;3428;-1
797;1942;11057;1
798;1936;11171;1
799;3503;12520;1
800;3939;13270;1
801;3055;3220;-1
802;3632;7789;-1
803;2133;12318;1
804;2236;9775;1
805;1928;10577;1
806;2347;11298;1
807;2999;11345;1
808;1912;10616;1
809;2539;13679;1
810;2052;11653;1
811;1896;10371;1
812;3321;11533;1
813;2000;10771;1
814;1785;10390;1
815;2174;11378;1
816;2093;11654;1
817;2359;10423;1
818;2225;12543;1
819;3308;3555;-1
820;2462;13404;1
821;1847;1700;-1
822;2498;11500;1
823;3845;3498;-1
824;2490;9725;1
825;2079;10745;1
826;3908;6560;-1
827;2189;11035;1
828;2097;12388;1
829;1687;10384;1
830;1833;11283;1
831;2125;12192;1
832;2324;5209;-1
833;2110;11065;1
834;2464;12769;1
835;3587;9831;1
836;3737;10690;1
837;2615;13648;1
838;1646;10462;1
839;3091;10713;1
840;2957;5888;-1
841;4872;274;-1
842;1787;10894;1
843;2187;10868;1
844;3769;8681;1
845;2435;10848;1
846;2242;12070;1
847;2179;11393;1
848;2766;6936;-1
849;2084;10752;1
850;1617;10652;1
851;2663;11978;1
852;2056;11009;1
853;4682;8822;1
854;1862;11323;1
855;2185;11587;1
856;1600;9646;1
857;1952;11988;1
858;4730;3;-1
859;2540;12962;1
860;5303;12451;1
861;2051;10484;1
862;1765;10909;1
863;2151;11843;1
864;2640;11980;1
865;2546;10759;1
866;1835;9936;1
867;2045;10791;1
868;5656;319;-1
869;3754;12408;1
870;2173;10904;1
871;2545;10681;1
872;3439;3855;-1
873;2812;2581;-1
874;2429;11721;1
875;3559;8791;-1
876;2421;11547;1
877;2166;11680;1
878;3581;3141;-1
879;5065;1951;-1
880;4013;11607;1
881;2224;11379;1
882;2083;11051;1
883;3162;10516;1
884;1835;1449;-1
885;1905;9810;1
886;2164;11447;1
887;2174;11689;1
888;2376;11236;1
889;3095;1939;-1
890;2111;12454;1
891;1934;10186;1
892;2259;10438;1
893;1906;11280;1
894;2400;12839;1
895;2358;12397;1
896;2029;11871;1
897;1702;10416;1
898;3515;12134;1
899;2440;12588;1
900;2367;12025;1
901;3804;8688;1
902;1948;10795;1
903;2087;10652;1
904;3239;2571;-1
905;2215;12670;1
906;2387;12252;1
907;2945;1381;-1
908;1779;10799;1
909;2708;11773;1
910;2657;9758;1
911;3584;5543;-1
912;3458;2334;-1
913;1839;9542;1
914;2329;12561;1
915;2698;12006;1
916;2066;11659;1
917;5908;496;-1
918;3243;10947;1
919;2464;12497;1
920;2118;10956;1
921;2049;11973;1
922;2907;13086;1
923;4617;1840;-1
924;2823;3928;-1
925;2350;13494;1
926;2153;10814;1
927;2229;11482;1
928;2306;11625;1
929;2991;11729;1
930;5555;0;-1
931;2581;12052;1
932;3408;3838;-1
933;2757;3967;-1
934;1750;10107;1
935;3189;2374;-1
936;2294;12924;1
937;1794;10094;1
938;2344;10292;1
939;2427;12655;1
940;2715;13165;1
941;2326;11078;1
942;2690;13566;1
943;2055;12413;1
944;2143;12083;1
945;2409;11854;1
946;2680;11759;1
947;2244;10931;1
948;2956;15056;1
949;2691;1536;-1
950;2146;1965;-1
951;3172;8376;1
952;1816;10902;1
953;1977;11201;1
954;2399;13226;1
955;2109;9576;1
956;2270;12022;1
957;3454;2177;-1
958;1986;11367;1
959;4249;10584;1
960;2087;10897;1
961;3728;2153;-1
962;3520;4102;-1
963;2011;11075;1
964;2710;4856;-1
965;2424;11137;1
966;3305;3427;-1
967;2998;7716;-1
968;2102;12026;1
969;2824;6907;-1
970;2641;11314;1
971;3351;12712;1
972;1989;10980;1
973;2881;12807;1
974;2541;11863;1
975;3311;12993;1
976;4113;1648;-1
977;2038;9554;1
978;2614;13477;1
979;2940;10940;1
980;2115;12015;1
981;1974;10309;1
982;2435;12103;1
983;3669;3434;-1
984;3233;1260;-1
985;4033;7639;-1
986;2373;12881;1
987;3529;2217;-1
988;2206;11574;1
989;4074;6548;-1
990;2260;12530;1
991;2989;3454;-1
992;2108;12159;1
993;3897;10535;1
994;2687;13213;1
995;3443;8423;1
996;2467;11660;1
997;2598;12167;1
998;2087;10643;1
999;2249;11369;1
1000;4332;1403;-1
1001;2791;14066;1
1002;1584;8754;1
1003;1832;10930;1
1004;2195;12192;1
1005;2973;3546;-1
1006;2595;12090;1
1007;2065;10460;1
1008;2005;11995;1
1009;1965;10647;1
1010;2074;10703;1
1011;1992;11498;1
1012;3406;10955;1
1013;1796;11215;1
1014;3064;8881;1
1015;2377;12731;1
1016;3261;10515;1
1017;4272;11558;1
1018;2440;11152;1
1019;2461;10545;1
1020;2029;12026;1
1021;2879;13322;1
1022;1886;10933;1
1023;2232;11604;1
1024;3600;12966;1
1025;2522;14308;1
1026;3391;11328;1
1027;5119;551;-1
1028;3619;10632;1
1029;2240;10956;1
1030;2196;10810;1
1031;3873;12481;1
1032;1921;10241;1
1033;3015;4173;-1
1034;3914;1296;-1
1035;3886;14436;1
1036;2152;11650;1
1037;2198;12116;1
1038;1884;10685;1
1039;2400;12790;1
1040;2465;11167;1
1041;5046;13081;1
1042;2753;10937;1
1043;2219;11820;1
1044;1735;9770;1
1045;2471;10882;1
1046;2920;10288;1
1047;2292;11971;1
1048;3717;2422;-1
1049;3852;2014;-1
1050;3160;7696;-1
1051;3427;3832;-1
1052;3759;11676;1
1053;4072;1475;-1
1054;2123;10992;1
1055;2190;10270;1
1056;2137;11573;1
1057;3199;2998;-1
1058;2143;11589;1
1059;4011;1216;-1
1060;3080;2374;-1
1061;2187;10791;1
1062;2032;11148;1
1063;2342;14475;1
1064;2344;10445;1
1065;1959;11055;1
1066;2796;10767;1
1067;2345;11856;1
1068;2425;12607;1
1069;1998;10815;1
1070;3839;836;-1
1071;2673;3638;-1
1072;4197;621;-1
1073;2570;2944;-1
1074;3738;2389;-1
1075;2396;12634;1
1076;2639;13210;1
1077;2577;13914;1
1078;4627;1256;-1
1079;4152;1431;-1
1080;2398;13445;1
1081;2338;12375;1
1082;2633;12632;1
1083;2108;12351;1
1084;3165;10687;1
1085;2310;12944;1
1086;2858;12412;1
1087;4106;9809;1
1088;2006;11052;1
1089;1839;10549;1
1090;2133;11003;1
1091;2167;12020;1
1092;4574;2185;-1
1093;2157;11419;1
1094;4548;823;-1
1095;4244;10339;1
1096;2357;13258;1
1097;2230;10540;1
1098;2541;12224;1
1099;4498;7833;1
1100;2395;13572;1
1101;3421;3598;-1
1102;2513;3530;-1
1103;2114;10969;1
1104;3312;12629;1
1105;2218;11480;1
1106;2063;12045;1
1107;5445;6711;1
1108;3002;10498;1
1109;2336;11928;1
1110;3186;3782;-1
1111;2110;10771;1
1112;1893;10363;1
1113;2132;13367;1
1114;3129;10629;1
1115;2148;9843;1
1116;3328;1928;-1
1117;2347;11663;1
1118;2837;11264;1
1119;1924;10782;1
1120;6699;5765;1
1121;2209;12166;1
1122;2124;11394;1
1123;2118;11804;1
1124;3655;10614;1
1125;1743;1366;-1
1126;2425;12025;1
1127;2420;11694;1
1128;4038;3234;-1
1129;3351;11702;1
1130;2120;11979;1
1131;2084;11528;1
1132;2525;12807;1
1133;3481;3004;-1
1134;2796;12019;1
1135;2485;1706;-1
1136;1952;9906;1
1137;3109;14586;1
1138;3378;8809;-1
1139;3446;3036;-1
1140;18304;10249;0
1141;2433;12146;1
1142;2680;11017;1
1143;2190;11611;1
1144;3657;2570;-1
1145;4145;11280;1
1146;2478;9763;1
1147;3591;1381;-1
1148;4153;9448;1
1149;3786;1924;-1
1150;2033;12380;1
1151;1915;10626;1
1152;3225;10178;1
1153;4497;870;-1
1154;2115;12042;1
1155;2140;13107;1
1156;2438;13668;1
1157;3205;3422;-1
1158;1708;9533;1
1159;2175;10622;1
1160;2107;12320;1
1161;3222;1502;-1
1162;4586;2296;-1
1163;2778;12692;1
1164;2537;11298;1
1165;3339;4609;-1
1166;2204;1763;-1
1167;3057;3287;-1
1168;6054;1742;-1
1169;1803;11058;1
1170;3514;3307;-1
1171;2138;11502;1
1172;3674;4406;-1
1173;3145;11387;1
1174;8640;8404;0
1175;4112;203;-1
1176;6166;10978;1
1177;1826;10636;1
1178;2683;2772;-1
1179;2785;12714;1
1180;4166;2022;-1
1181;4803;678;-1
1182;3983;2757;-1
1183;4663;10184;1
1184;2916;9504;1
1185;2530;4066;-1
1186;8207;3523;-1
1187;4342;13546;1
1188;2390;11865;1
1189;3866;2386;-1
1190;3396;1506;-1
1191;2345;9572;1
1192;2815;10665;1
1193;3730;10158;1
1194;2063;10263;1
1195;2782;2796;-1
1196;2629;11422;1
1197;3574;3221;-1
1198;1916;1246;-1
1199;2245;10813;1
1200;3875;9599;1
1201;3954;5643;-1
1202;2803;12640;1
1203;2017;10891;1
1204;1917;11115;1
1205;3741;12004;1
1206;3911;4578;-1
1207;2030;10615;1
1208;4119;3678;-1
1209;2389;13786;1
1210;2338;12752;1
1211;2853;14030;1
1212;2098;10911;1
1213;1865;9933;1
1214;2982;13607;1
1215;4075;12151;1
1216;1521;9322;1
1217;2289;13648;1
1218;1928;11533;1
1219;4121;6356;-1
1220;3144;12172;1
1221;3558;12796;1
1222;1921;10761;1
1223;2091;10040;1
1224;3931;2620;-1
1225;1495;1566;-1
1226;1810;10120;1
1227;3940;6655;-1
1228;2857;3579;-1
1229;1937;10853;1
1230;2094;11365;1
1231;2540;12180;1
1232;2336;12166;1
1233;3759;1763;-1
1234;3595;1741;-1
1235;2103;10971;1
1236;2047;11729;1
1237;1505;1200;-1
1238;2236;13032;1
1239;3877;6131;-1
1240;3667;2938;-1
1241;3764;9258;1
1242;2665;11153;1
1243;3996;3850;-1
1244;2502;11722;1
1245;2530;13278;1
1246;2377;11985;1
1247;2150;11747;1
1248;2734;2624;-1
1249;1937;11464;1
1250;3310;13414;1
1251;5327;290;-1
1252;3448;4775;-1
1253;2129;11021;1
1254;3456;10369;1
1255;2088;11191;1
1256;2196;11741;1
1257;2531;12206;1
1258;4058;1103;-1
1259;3216;3281;-1
1260;2487;12537;1
1261;2526;11795;1
1262;2400;10739;1
1263;3860;2716;-1
1264;2113;10320;1
1265;4113;9108;1
1266;1631;474;-1
1267;2831;12776;1
1268;2074;11311;1
1269;4109;4611;-1
1270;2828;5755;-1
1271;3345;2706;-1
1272;2606;4249;-1
1273;3011;4337;-1
1274;3042;4844;-1
1275;3157;4436;-1
1276;3973;8663;1
1277;2418;11664;1
1278;2709;13629;1
1279;1913;10505;1
1280;2521;11622;1
1281;2175;12096;1
1282;2146;12434;1
1283;1940;10079;1
1284;3725;13052;1
1285;2400;12872;1
1286;2142;11189;1
1287;3408;3509;-1
1288;5341;3957;-1
1289;2910;14841;1
1290;2462;12662;1
1291;4105;1173;-1
1292;2189;11073;1
1293;2247;205;-1
1294;3464;2890;-1
1295;2068;10312;1
1296;2806;13624;1
1297;3181;8247;-1
1298;4189;6212;-1
1299;3451;2235;-1
1300;2844;13236;1
1301;4733;2059;-1
1302;5258;2397;-1
1303;2624;14260;1
1304;2890;14064;1
1305;1814;10855;1
1306;3531;2308;-1
1307;3902;5319;-1
1308;2109;11257;1
1309;1789;10560;1
1310;3233;14633;1
1311;5271;2207;-1
1312;3405;12694;1
1313;4465;5175;1
1314;2388;12196;1
1315;4583;2088;-1
1316;4524;13456;1
1317;3522;11875;1
1318;2851;1170;-1
1319;3374;3662;-1
1320;3557;4719;-1
1321;2180;12912;1
1322;3898;2283;-1
1323;3649;2446;-1
1324;3328;4537;-1
1325;1858;10482;1
1326;3850;12314;1
1327;2465;12282;1
1328;3197;2659;-1
1329;3702;4403;-1
1330;2962;3628;-1
1331;4702;527;-1
1332;4247;7552;-1
1333;3689;6213;-1
1334;4089;6354;-1
1335;3416;6090;-1
1336;5073;1531;-1
1337;2672;10413;1
1338;2311;12862;1
1339;2528;1037;-1
1340;3819;9475;1
1341;3976;2654;-1
1342;2247;10428;1
1343;4032;11559;1
1344;2267;12902;1
1345;2553;11867;1
1346;3431;4580;-1
1347;2464;11974;1
1348;2654;12736;1
1349;2100;11338;1
1350;2879;12503;1
1351;3740;1894;-1
1352;1889;11575;1
1353;2584;11568;1
1354;2123;12762;1
1355;2051;12621;1
1356;3640;1369;-1
1357;7040;5074;0
1358;2271;12385;1
1359;3825;3844;-1
1360;2040;10282;1
1361;2822;11722;1
1362;3157;12641;1
1363;2200;12276;1
1364;4756;11743;1
1365;2105;11663;1
1366;3482;11210;1
1367;3404;9697;1
1368;2286;11336;1
1369;2909;12273;1
1370;2220;13535;1
1371;3285;3291;-1
1372;2545;12333;1
1373;1888;10956;1
1374;3422;4094;-1
1375;2946;7983;-1
1376;3054;3630;-1
1377;4094;4648;-1
1378;3453;2568;-1
1379;2181;11544;1
1380;2055;11930;1
1381;3171;4083;-1
1382;3395;2715;-1
1383;3961;1550;-1
1384;2043;10937;1
1385;2616;10851;1
1386;3276;11842;1
1387;2445;11033;1
1388;2498;12744;1
1389;3055;12878;1
1390;2228;10021;1
1391;2437;10988;1
1392;2145;565;-1
1393;3621;3520;-1
1394;4024;5497;-1
1395;3307;5750;-1
1396;2872;13896;1
1397;1765;750;-1
1398;1675;9259;1
1399;2413;11333;1
1400;3414;3078;-1
1401;4547;4449;-1
1402;3872;10600;1
1403;3671;3104;-1
1404;4170;5675;-1
1405;1974;11681;1
1406;2574;11797;1
1407;2290;1023;-1
1408;3191;4509;-1
1409;3745;2583;-1
1410;1829;547;-1
1411;2241;11386;1
1412;2417;12175;1
1413;4508;1741;-1
1414;2344;3375;-1
1415;3706;4099;-1
1416;2395;12287;1
1417;3905;5133;-1
1418;1944;11499;1
1419;2612;518;-1
1420;2783;13465;1
1421;2679;9771;1
1422;3026;12446;1
1423;3806;1302;-1
1424;2249;11793;1
1425;3759;2684;-1
1426;2755;13364;1
1427;2399;12246;1
1428;2159;11474;1
1429;2239;10984;1
1430;2114;10964;1
1431;2097;10569;1
1432;3337;12143;1
1433;3824;3584;-1
1434;4234;13905;1
1435;2631;12531;1
1436;2824;10812;1
1437;3426;2634;-1
1438;2280;1948;-1
1439;3637;3991;-1
1440;2072;12245;1
1441;2036;10960;1
1442;3178;13570;1
1443;2107;11877;1
1444;2043;11382;1
1445;4357;9283;1
1446;2505;12913;1
1447;3210;4140;-1
1448;2483;10097;1
1449;1997;10772;1
1450;3238;3792;-1
1451;3187;2404;-1
1452;3881;6196;-1
1453;2871;6334;-1
1454;2031;10903;1
1455;2758;1940;-1
1456;2527;2140;-1
1457;4699;9721;1
1458;1800;10182;1
1459;2132;11355;1
1460;2439;10698;1
1461;3146;11638;1
1462;2212;11038;1
1463;3825;2998;-1
1464;3085;5338;-1
1465;2925;13209;1
1466;2432;12965;1
1467;3327;1240;-1
1468;3429;7101;-1
1469;2807;3273;-1
1470;3619;4866;-1
1471;3724;10507;1
1472;4171;1701;-1
1473;2649;12988;1
1474;2107;11224;1
1475;2372;12832;1
1476;3570;2636;-1
1477;1776;768;-1
1478;3798;2146;-1
1479;10812;9581;0
1480;1817;9038;1
1481;3471;10250;1
1482;4062;1067;-1
1483;2754;11669;1
1484;2983;14900;1
1485;4353;3658;-1
1486;2683;13544;1
1487;2438;12962;1
1488;2054;10847;1
1489;3059;13218;1
1490;3376;7004;-1
1491;2282;10182;1
1492;2646;10915;1
1493;2262;10252;1
1494;2165;10714;1
1495;2875;6160;-1
1496;4182;13859;1
1497;2110;10086;1
1498;3353;5547;-1
1499;2046;10666;1
1500;3136;11306;1
1501;3329;3612;-1
1502;2628;13170;1
1503;3954;3686;-1
1504;2975;3084;-1
1505;4760;1858;-1
1506;2199;1487;-1
1507;3465;2802;-1
1508;2619;13332;1
1509;2002;11381;1
1510;2443;12770;1
1511;3162;4613;-1
1512;3721;11987;1
1513;3290;6452;-1
1514;4048;3732;-1
1515;2455;11968;1
1516;2897;12758;1
1517;3504;2876;-1
1518;6770;1152;-1
1519;3644;11710;1
1520;3861;6773;-1
1521;3157;5885;-1
1522;3312;12943;1
1523;3272;6745;-1
1524;3027;4912;-1
1525;2030;11425;1
1526;5621;4984;-1
1527;3374;5850;-1
1528;2393;2631;-1
1529;2115;9610;1
1530;4079;4085;-1
1531;2445;2407;-1
1532;1896;10881;1
1533;3317;5054;-1
1534;3078;3305;-1
1535;2357;11319;1
1536;2628;2947;-1
1537;4889;8845;1
1538;3252;11875;1
1539;2568;10842;1
1540;3989;5956;-1
1541;3131;3923;-1
1542;3799;6870;-1
1543;3570;13546;1
1544;3970;13831;1
1545;2653;11484;1
1546;3102;13476;1
1547;2918;11363;1
1548;2239;12305;1
1549;2635;12484;1
1550;2513;12502;1
1551;2742;12261;1
1552;2130;11348;1
1553;4515;6741;-1
1554;4549;2068;-1
1555;3212;11154;1
1556;2246;11475;1
1557;2239;1420;-1
1558;2185;12001;1
1559;2328;12232;1
1560;2574;2892;-1
1561;2842;5485;-1
1562;4256;801;-1
1563;2429;13770;1
1564;5070;1278;-1
1565;2627;14111;1
1566;3396;3760;-1
1567;2813;11068;1
1568;2727;13290;1
1569;5134;92;-1
1570;2228;12062;1
1571;3477;11000;1
1572;3522;11100;1
1573;3452;12489;1
1574;2040;11137;1
1575;4918;12886;1
1576;4075;2651;-1
1577;4000;6784;-1
1578;3893;5377;-1
1579;4079;2771;-1
1580;4517;3860;-1
1581;2447;10917;1
1582;4202;8656;1
1583;2150;11103;1
1584;2718;11597;1
1585;2922;11547;1
1586;3655;9841;1
1587;2167;12541;1
1588;3477;10404;1
1589;2347;12399;1
1590;3851;302;-1
1591;2652;14333;1
1592;2234;10304;1
1593;3498;3673;-1
1594;3496;2753;-1
1595;1875;10221;1
1596;2239;10413;1
1597;2563;1153;-1
1598;1828;10014;1
1599;2269;12057;1
1600;3602;12685;1
1601;3588;1885;-1
1602;2001;9838;1
1603;4639;2836;-1
1604;8687;7929;0
1605;2971;14002;1
1606;2997;6389;-1
1607;2893;12318;1
1608;2194;12041;1
1609;2481;4869;-1
1610;2798;1959;-1
1611;3931;1740;-1
1612;3007;768;-1
1613;4251;14;-1
1614;3027;3823;-1
1615;3602;3241;-1
1616;2237;11995;1
1617;1779;566;-1
1618;3209;4191;-1
1619;2243;13402;1
1620;2176;11984;1
1621;2253;11946;1
1622;1735;10874;1
1623;2395;13074;1
1624;2727;160;-1
1625;3941;3503;-1
1626;2636;12312;1
1627;3250;6809;-1
1628;3349;5378;-1
1629;3309;2155;-1
1630;3598;4689;-1
1631;3452;5033;-1
1632;3195;4014;-1
1633;2029;10656;1
1634;2481;12958;1
1635;3190;7631;-1
1636;2568;842;-1
1637;3383;3717;-1
1638;3300;3051;-1
1639;3291;11549;1
1640;1794;9952;1
1641;3911;5822;-1
1642;2603;12682;1
1643;2489;10557;1
1644;2008;11440;1
1645;3968;9208;1
1646;3143;3755;-1
1647;3883;4041;-1
1648;4069;5352;-1
1649;3670;11304;1
1650;2010;10995;1
1651;2069;11325;1
1652;2241;11980;1
1653;3047;3054;-1
1654;2716;12619;1
1655;5677;2351;-1
1656;3128;13460;1
1657;3362;11265;1
1658;2279;11289;1
1659;2854;11217;1
1660;3711;13261;1
1661;2350;12468;1
1662;1871;1021;-1
1663;2246;9689;1
1664;2348;10880;1
1665;1996;10976;1
1666;2126;11380;1
1667;2964;12493;1
1668;3070;6970;-1
1669;3914;2406;-1
1670;3430;6346;-1
1671;3332;7383;-1
1672;3398;3382;-1
1673;2684;11253;1
1674;1917;10793;1
1675;2880;3506;-1
1676;3295;1724;-1
1677;1827;10096;1
1678;3367;5064;-1
1679;2203;11553;1
1680;4703;780;-1
1681;4051;10998;1
1682;2380;11806;1
1683;2204;11625;1
1684;1946;10912;1
1685;2090;12020;1
1686;3559;10207;1
1687;1703;9752;1
1688;4673;368;-1
1689;2438;11735;1
1690;4073;3997;-1
1691;3477;10773;1
1692;4209;3720;-1
1693;4113;2343;-1
1694;1969;9718;1
1695;4021;6175;-1
1696;3100;2481;-1
1697;1934;1015;-1
1698;2604;13265;1
1699;2872;10641;1
1700;2263;11107;1
1701;2065;11255;1
1702;5333;759;-1
1703;2369;1052;-1
1704;2501;12796;1
1705;2405;13349;1
1706;3040;4349;-1
1707;2064;11444;1
1708;2539;9496;1
1709;2678;11551;1
1710;3979;1;-1
1711;1765;1423;-1
1712;3780;1753;-1
1713;2537;12401;1
1714;3091;12294;1
1715;3025;2703;-1
1716;2349;11513;1
1717;3281;8834;-1
1718;3111;15315;1
1719;1832;1614;-1
1720;4316;1195;-1
1721;2370;11499;1
1722;3683;5088;-1
1723;2352;12253;1
1724;3402;12979;1
1725;2814;4188;-1
1726;3457;3031;-1
1727;3991;4178;-1
1728;3268;2634;-1
1729;2934;11859;1
1730;3136;2829;-1
1731;4516;783;-1
1732;3061;3300;-1
1733;3206;4295;-1
1734;2654;13906;1
1735;3155;6931;-1
1736;4339;9020;1
1737;2430;10945;1
1738;3226;4475;-1
1739;2609;5596;-1
1740;2524;12558;1
1741;4420;5162;-1
1742;1927;11853;1
1743;2272;12131;1
1744;3895;3653;-1
1745;4511;1097;-1
1746;3121;6658;-1
1747;2690;12827;1
1748;2053;9808;1
1749;1902;11264;1
1750;4072;10803;1
1751;4824;336;-1
1752;2999;12572;1
1753;3883;3134;-1
1754;4067;1767;-1
1755;3482;667;-1
1756;3758;5745;-1
1757;3255;12609;1
1758;4103;10753;1
1759;2715;1966;-1
1760;2426;12468;1
1761;4729;8735;1
1762;3766;2490;-1
1763;2857;10722;1
1764;2281;11164;1
1765;2016;11062;1
1766;2627;13534;1
1767;2729;4316;-1
1768;2283;12201;1
1769;2267;12589;1
1770;2981;12404;1
1771;3137;3321;-1
1772;5176;12950;1
1773;2544;12862;1
1774;4253;1085;-1
1775;2634;11369;1
1776;2624;12597;1
1777;2390;13337;1
1778;2977;1148;-1
1779;1853;1672;-1
1780;2469;10973;1
1781;2064;12124;1
1782;4083;9186;1
1783;3626;3469;-1
1784;3014;2219;-1
1785;3716;9012;1
1786;2024;10533;1
1787;3750;4527;-1
1788;3283;7024;-1
1789;4627;3856;-1
1790;3616;3698;-1
1791;3707;2960;-1
1792;2783;11269;1
1793;3233;5246;-1
1794;2931;4332;-1
1795;2531;9543;1
1796;3480;10897;1
1797;2043;10529;1
1798;1600;8865;1
1799;2272;11734;1
1800;3600;5395;-1
1801;3419;4324;-1
1802;4788;6591;1
1803;2049;11473;1
1804;4619;62;-1
1805;1988;11107;1
1806;4592;371;-1
1807;2627;2614;-1
1808;1744;10357;1
1809;2440;12722;1
1810;3987;3956;-1
1811;2231;11480;1
1812;2202;10518;1
1813;3495;10465;1
1814;4455;2223;-1
1815;2230;11112;1
1816;2418;11337;1
1817;2818;3602;-1
1818;2457;13009;1
1819;3316;3130;-1
1820;4293;14476;1
1821;4664;211;-1
1822;3381;3019;-1
1823;2908;2697;-1
1824;2501;13068;1
1825;2784;13014;1
1826;3686;5056;-1
1827;3715;10078;1
1828;2940;12280;1
1829;1930;11812;1
1830;2319;2874;-1
1831;2389;11716;1
1832;4004;3669;-1
1833;2251;457;-1
1834;1466;850;-1
1835;3321;6397;-1
1836;3216;13348;1
1837;4011;3545;-1
1838;5240;8361;1
1839;3414;4571;-1
1840;2042;11152;1
1841;5692;4707;-1
1842;3639;2567;-1
1843;2260;11393;1
1844;4740;9317;1
1845;3840;9337;1
1846;3408;13363;1
1847;3320;2709;-1
1848;3762;1833;-1
1849;3254;4469;-1
1850;1990;677;-1
1851;2049;11565;1
1852;2954;11353;1
1853;2455;13603;1
1854;3237;12155;1
1855;2261;2875;-1
1856;2127;11165;1
1857;2995;4108;-1
1858;2845;3450;-1
1859;3113;11797;1
1860;2501;12552;1
1861;2754;3441;-1
1862;3654;2879;-1
1863;2542;1522;-1
1864;2438;10788;1
1865;2896;6694;-1
1866;3011;11160;1
1867;2174;11100;1
1868;3333;5255;-1
1869;2996;4248;-1
1870;4118;1449;-1
1871;3529;4990;-1
1872;3349;7361;-1
1873;3175;10122;1
1874;2371;12003;1
1875;2287;1449;-1
1876;2028;11620;1
1877;3320;7250;-1
1878;3198;6874;-1
1879;3959;3021;-1
1880;1951;765;-1
1881;2064;11221;1
1882;2092;11705;1
1883;1676;9432;1
1884;2851;3783;-1
1885;4602;9192;0
1886;3730;2938;-1
1887;2103;11445;1
1888;2387;12445;1
1889;2091;10397;1
1890;2785;11891;1
1891;2173;10770;1
1892;2422;12528;1
1893;3256;12545;1
1894;2571;13567;1
1895;3344;2650;-1
1896;4729;412;-1
1897;3391;5121;-1
1898;2784;14166;1
1899;4126;4584;-1
1900;2289;11306;1
1901;3917;5154;-1
1902;3461;12098;1
1903;2285;10117;1
1904;3306;4128;-1
1905;2973;12311;1
1906;3488;2790;-1
1907;3779;10196;1
1908;3812;2897;-1
1909;1576;9259;1
1910;1898;10973;1
1911;1882;11187;1
1912;2391;11736;1
1913;4014;3582;-1
1914;2366;13195;1
1915;2368;12158;1
1916;3328;5228;-1
1917;3715;3790;-1
1918;2766;13023;1
1919;4560;873;-1
1920;3636;4336;-1
1921;3066;4807;-1
1922;3799;9092;1
1923;4806;1201;-1
1924;4235;1900;-1
1925;3381;11154;1
1926;4368;5086;-1
1927;3914;4584;-1
1928;3776;3348;-1
1929;3339;6703;-1
1930;6622;1162;-1
1931;2169;10446;1
1932;4032;1373;-1
1933;3506;9811;1
1934;2397;4002;-1
1935;3681;6113;-1
1936;1540;1714;-1
1937;3850;5371;-1
1938;2258;10837;1
1939;3198;13059;1
1940;2460;12790;1
1941;3608;4367;-1
1942;4538;10660;1
1943;5104;231;-1
1944;2127;12425;1
1945;2643;11723;1
1946;2987;5597;-1
1947;3679;2373;-1
1948;3266;12525;1
1949;2318;12655;1
1950;4839;3086;-1
1951;2190;12647;1
1952;3657;3477;-1
1953;2043;11419;1
1954;2659;5153;-1
1955;3943;1087;-1
1956;1889;9309;1
1957;2470;10217;1
1958;3688;77;-1
1959;4273;11662;1
1960;2260;13467;1
1961;4217;7573;-1
1962;3266;7777;-1
1963;2548;13503;1
1964;4076;9852;1
1965;2720;4469;-1
1966;2541;8793;1
1967;3704;9493;1
1968;3506;12556;1
1969;2532;12415;1
1970;3034;13517;1
1971;2882;12788;1
1972;2484;11444;1
1973;2590;11697;1
1974;2738;11401;1
1975;6295;1859;-1
1976;5743;8868;0
1977;2463;11334;1
1978;3606;6189;-1
1979;3337;4453;-1
1980;3405;3431;-1
1981;2658;10471;1
1982;2389;11085;1
1983;3345;3634;-1
1984;2355;10787;1
1985;2591;11867;1
1986;2849;12881;1
1987;1843;9113;1
1988;3514;2721;-1
1989;2334;13201;1
1990;3024;1394;-1
1991;4027;1812;-1
1992;2264;11380;1
1993;2468;13578;1
1994;4088;6409;-1
1995;2943;250;-1
1996;2363;10877;1
1997;2386;9259;1
1998;2488;11253;1
1999;3907;6193;-1
2000;1745;10745;1
2001;4449;3702;-1
2002;3757;2090;-1
2003;2395;3042;-1
2004;3078;10594;1
2005;4005;2352;-1
2006;2532;5878;-1
2007;3098;679;-1
2008;2848;4160;-1
2009;3981;4399;-1
2010;2389;932;-1
2011;2472;10649;1
2012;2658;11974;1
2013;2848;12606;1
2014;3352;3126;-1
2015;3467;3463;-1
2016;2964;13980;1
2017;2038;11470;1
2018;3759;11802;1
2019;4514;3648;-1
2020;3486;4783;-1
2021;2225;12494;1
2022;3360;3560;-1
2023;2091;11208;1
2024;3867;9063;1
2025;3432;3451;-1
2026;4066;2172;-1
2027;2891;6120;-1
2028;5232;612;-1
2029;4186;642;-1
2030;3500;3783;-1
2031;2293;11425;1
2032;3467;6093;-1
2033;2543;3467;-1
2034;4078;10430;1
2035;2893;4073;-1
2036;3983;6905;-1
2037;2784;11487;1
2038;2587;10946;1
2039;2275;11305;1
2040;3916;6884;-1
2041;3301;4523;-1
2042;3201;4225;-1
2043;3377;3491;-1
2044;1914;10437;1
2045;3313;11692;1
2046;3261;13164;1
2047;1958;10905;1
2048;3915;8537;1
2049;1873;9840;1
2050;2005;11500;1
2051;3807;11363;1
2052;3769;2282;-1
2053;4191;2981;-1
2054;4635;2291;-1
2055;2538;3583;-1
2056;3771;10906;1
2057;4526;5713;-1
2058;3154;934;-1
2059;2994;12787;1
2060;3188;4128;-1
2061;2278;11124;1
2062;2697;13474;1
2063;3941;11751;1
2064;3259;1547;-1
2065;1938;11058;1
2066;5492;1633;-1
2067;2340;9520;1
2068;3666;7273;-1
2069;2855;4163;-1
2070;2898;3143;-1
2071;2623;13666;1
2072;4277;5929;-1
2073;2351;10922;1
2074;2611;12655;1
2075;2174;3959;-1
2076;1902;10630;1
2077;2536;11962;1
2078;3865;3605;-1
2079;3015;15033;1
2080;1914;1198;-1
2081;3621;6748;-1
2082;2452;10594;1
2083;3168;3017;-1
2084;2836;11104;1
2085;3335;8115;-1
2086;2500;12537;1
2087;3095;4374;-1
2088;2992;13624;1
2089;2879;2316;-1
2090;1914;10654;1
2091;2166;10107;1
2092;4209;11920;1
2093;2327;3753;-1
2094;2589;10929;1
2095;3957;2199;-1
2096;2934;3807;-1
2097;3289;10480;1
2098;3433;10390;1
2099;2272;10433;1
2100;2908;12958;1
2101;5132;8761;0
2102;2232;11927;1
2103;1973;1948;-1
2104;2431;10892;1
2105;4585;795;-1
2106;1709;9996;1
2107;2530;11425;1
2108;4417;4377;-1
2109;2607;11921;1
2110;3699;6657;-1
2111;2127;10824;1
2112;4547;8774;1
2113;4162;2213;-1
2114;2339;12357;1
2115;4744;795;-1
2116;3109;4686;-1
2117;3994;1968;-1
2118;2342;1807;-1
2119;2875;4605;-1
2120;4385;6746;-1
2121;4057;9041;1
2122;2125;12017;1
2123;3785;3210;-1
2124;3266;3146;-1
2125;3467;10665;1
2126;3864;9917;1
2127;4450;6716;-1
2128;2336;12793;1
2129;2715;10964;1
2130;5348;8943;1
2131;3220;6884;-1
2132;5290;312;-1
2133;5603;9;-1
2134;4453;9045;1
2135;3919;10709;1
2136;2446;11132;1
2137;1662;685;-1
2138;3843;2385;-1
2139;2373;11406;1
2140;5358;4167;-1
2141;3560;11193;1
2142;3324;12699;1
2143;5266;7413;1
2144;3588;2882;-1
2145;2901;4648;-1
2146;1932;9850;1
2147;4590;2984;-1
2148;2959;6671;-1
2149;2518;11454;1
2150;1964;10212;1
2151;6727;160;-1
2152;2880;11598;1
2153;3512;6214;-1
2154;2442;12034;1
2155;2336;10174;1
2156;4036;11135;1
2157;2409;3493;-1
2158;3751;3469;-1
2159;1862;10413;1
2160;2842;11318;1
2161;6041;607;-1
2162;2209;10965;1
2163;3271;2906;-1
2164;2190;11012;1
2165;2464;11905;1
2166;2606;10878;1
2167;3430;3335;-1
2168;1808;9444;1
2169;2606;11895;1
2170;2229;12214;1
2171;2929;12782;1
2172;2431;3283;-1
2173;3270;3211;-1
2174;2579;10888;1
2175;3760;3086;-1
2176;3770;7702;-1
2177;4269;2221;-1
2178;5349;601;-1
2179;3629;1170;-1
2180;2514;1399;-1
2181;2895;4638;-1
2182;2120;10915;1
2183;3417;2247;-1
2184;2946;4326;-1
2185;2207;200;-1
2186;3267;11393;1
2187;2355;11297;1
2188;2045;1040;-1
2189;2462;10521;1
2190;2221;12623;1
2191;2389;12702;1
2192;4770;8118;1
2193;3799;3172;-1
2194;3453;3370;-1
2195;3009;3605;-1
2196;3000;5247;-1
2197;3252;233;-1
2198;4679;11567;1
2199;1983;9518;1
2200;2279;9770;1
2201;2411;12940;1
2202;3106;12543;1
2203;2122;11490;1
2204;4274;1168;-1
2205;3029;12282;1
2206;2756;12045;1
2207;1927;10197;1
2208;2466;12410;1
2209;3268;2576;-1
2210;3241;13739;1
2211;1589;2611;-1
2212;3403;2367;-1
2213;1848;10122;1
2214;3936;11028;1
2215;2428;11746;1
2216;3459;423;-1
2217;3384;10552;1
2218;3718;3739;-1
2219;1722;9948;1
2220;3755;7223;-1
2221;1837;340;-1
2222;4391;6083;-1
2223;2241;11115;1
2224;2675;2457;-1
2225;4602;989;-1
2226;3629;9135;1
2227;3412;8089;-1
2228;4129;1995;-1
2229;6731;8256;0
2230;2308;12020;1
2231;3006;11695;1
2232;2210;1492;-1
2233;3060;2062;-1
2234;2474;2044;-1
2235;3006;10265;1
2236;2557;11166;1
2237;4385;11586;1
2238;2255;10511;1
2239;2738;10385;1
2240;2436;10284;1
2241;4161;2357;-1
2242;1987;273;-1
2243;2136;12198;1
2244;1925;1861;-1
2245;3619;1690;-1
2246;3034;11639;1
2247;2031;9944;1
2248;4442;1698;-1
2249;1970;11018;1
2250;5158;108;-1
2251;2722;11769;1
2252;3274;5189;-1
2253;2135;10697;1
2254;2434;12489;1
2255;3871;453;-1
2256;2015;9988;1
2257;5145;10193;1
2258;2649;12008;1
2259;2499;11932;1
2260;3165;4185;-1
2261;1746;559;-1
2262;2003;10226;1
2263;2080;11836;1
2264;3025;4942;-1
2265;3757;1654;-1
2266;2981;10517;1
2267;4005;4250;-1
2268;3204;997;-1
2269;2244;11184;1
2270;3346;60;-1
2271;2297;12333;1
2272;3423;8475;-1
2273;4175;2779;-1
2274;2690;11667;1
2275;3043;4664;-1
2276;2567;4633;-1
2277;3194;14269;1
2278;4709;78;-1
2279;2531;12946;1
2280;2996;3213;-1
2281;3804;9947;1
2282;4924;4193;-1
2283;3670;7085;-1
2284;4251;1318;-1
2285;3712;11282;1
2286;2703;11156;1
2287;2852;13749;1
2288;1952;10658;1
2289;2908;2132;-1
2290;4511;10336;1
2291;5709;48;-1
2292;2163;10441;1
2293;1980;637;-1
2294;3828;4443;-1
2295;3302;11850;1
2296;1998;1730;-1
2297;2773;5619;-1
2298;3486;4788;-1
2299;2232;11594;1
2300;2000;11639;1
2301;2286;10388;1
2302;2131;12230;1
2303;2861;4350;-1
2304;3471;4211;-1
2305;2543;11183;1
2306;3418;2737;-1
2307;2798;4814;-1
2308;1797;1942;-1
2309;2769;4491;-1
2310;4941;6893;-1
2311;3506;12488;1
2312;3292;5051;-1
2313;3321;1164;-1
2314;6171;9443;0
2315;2899;12370;1
2316;2279;10284;1
2317;3952;825;-1
2318;5714;129;-1
2319;1880;10757;1
2320;3679;12636;1
2321;2491;10426;1
2322;4425;10798;1
2323;1749;2405;-1
2324;3722;9325;-1
2325;9610;4961;0
2326;3721;7151;-1
2327;4605;5368;-1
2328;3692;6408;-1
2329;2846;3398;-1
2330;2229;11930;1
2331;2159;12129;1
2332;2505;2965;-1
2333;2451;11554;1
2334;2085;10575;1
2335;2291;10926;1
2336;4870;5513;-1
2337;2564;13610;1
2338;2379;12552;1
2339;2337;10636;1
2340;2464;3593;-1
2341;3765;3930;-1
2342;3078;7061;-1
2343;3946;1529;-1
2344;3076;6026;-1
2345;4908;9822;1
2346;2102;11060;1
2347;3394;10465;1
2348;3059;723;-1
2349;2329;10867;1
2350;1865;9682;1
2351;4624;6;-1
2352;4754;979;-1
2353;2494;2605;-1
2354;2937;3840;-1
2355;2602;11911;1
2356;2297;11203;1
2357;2331;11086;1
2358;4421;9920;1
2359;1926;1157;-1
2360;3339;11952;1
2361;4166;7968;-1
2362;3509;3668;-1
2363;1863;9259;1
2364;2939;10933;1
2365;2575;13043;1
2366;2907;12102;1
2367;3503;1647;-1
2368;4800;11033;1
2369;2359;11567;1
2370;4067;13725;1
2371;2287;12458;1
2372;1947;11101;1
2373;4042;133;-1
2374;3686;9936;1
2375;3526;11414;1
2376;3878;2025;-1
2377;1960;10935;1
2378;2176;507;-1
2379;3194;3643;-1
2380;3273;4527;-1
2381;1808;165;-1
2382;2742;11655;1
2383;3975;10100;1
2384;2040;10914;1
2385;2549;10754;1
2386;2808;13258;1
2387;3166;3235;-1
2388;2730;10406;1
2389;2403;12643;1
2390;2449;14419;1
2391;3293;4297;-1
2392;2311;10899;1
2393;4821;907;-1
2394;3265;14285;1
2395;1989;9029;1
2396;2944;5710;-1
2397;3247;8954;1
2398;3428;2822;-1
2399;2920;3041;-1
2400;2494;10827;1
2401;2385;9600;1
2402;3169;3552;-1
2403;4369;2230;-1
2404;1955;11094;1
2405;2409;8728;1
2406;2541;12305;1
2407;3713;4298;-1
2408;3940;7383;-1
2409;2918;12314;1
2410;2500;12021;1
2411;2092;10432;1
2412;2404;11536;1
2413;4207;1008;-1
2414;4742;126;-1
2415;3554;4464;-1
2416;2455;12894;1
2417;2537;795;-1
2418;2355;10826;1
2419;2380;11160;1
2420;2298;10572;1
2421;3745;12820;1
2422;3440;12054;1
2423;2426;12913;1
2424;3053;12739;1
2425;2226;11940;1
2426;3179;1545;-1
2427;3587;3122;-1
2428;4007;6361;-1
2429;3868;2848;-1
2430;3419;3757;-1
2431;3138;13406;1
2432;3978;5978;-1
2433;3120;13033;1
2434;3744;4063;-1
